   -0.270
   -0.270
   -0.270
   -0.265
   -0.260
   -0.260
   -0.260
   -0.260
   -0.260
   -0.265
   -0.270
   -0.265
   -0.260
   -0.255
   -0.250
   -0.260
   -0.270
   -0.260
   -0.250
   -0.250
   -0.250
   -0.245
   -0.240
   -0.245
   -0.250
   -0.255
   -0.260
   -0.255
   -0.250
   -0.245
   -0.245
   -0.255
   -0.255
   -0.245
   -0.240
   -0.240
   -0.240
   -0.240
   -0.240
   -0.240
   -0.240
   -0.240
   -0.235
   -0.230
   -0.230
   -0.230
   -0.230
   -0.230
   -0.220
   -0.210
   -0.195
   -0.180
   -0.160
   -0.140
   -0.125
   -0.110
   -0.120
   -0.125
   -0.105
   -0.090
   -0.095
   -0.120
   -0.165
   -0.195
   -0.205
   -0.210
   -0.210
   -0.210
   -0.205
   -0.215
   -0.240
   -0.260
   -0.275
   -0.280
   -0.280
   -0.280
   -0.275
   -0.270
   -0.270
   -0.255
   -0.235
   -0.230
   -0.230
   -0.230
   -0.230
   -0.190
   -0.150
   -0.085
   -0.005
    0.230
    0.465
    0.720
    0.935
    1.035
    0.985
    0.470
   -0.040
   -0.560
   -0.920
   -0.985
   -0.975
   -0.825
   -0.695
   -0.590
   -0.470
   -0.340
   -0.260
   -0.210
   -0.190
   -0.185
   -0.180
   -0.175
   -0.170
   -0.170
   -0.170
   -0.165
   -0.155
   -0.145
   -0.140
   -0.145
   -0.150
   -0.145
   -0.140
   -0.135
   -0.130
   -0.130
   -0.115
   -0.110
   -0.110
   -0.110
   -0.105
   -0.100
   -0.095
   -0.090
   -0.080
   -0.070
   -0.070
   -0.070
   -0.060
   -0.050
   -0.055
   -0.055
   -0.035
   -0.020
   -0.015
   -0.005
    0.010
    0.020
    0.025
    0.035
    0.050
    0.065
    0.080
    0.100
    0.115
    0.130
    0.145
    0.165
    0.185
    0.205
    0.225
    0.240
    0.255
    0.280
    0.305
    0.310
    0.315
    0.340
    0.360
    0.370
    0.380
    0.385
    0.390
    0.380
    0.370
    0.340
    0.315
    0.275
    0.230
    0.190
    0.145
    0.090
    0.040
   -0.005
   -0.045
   -0.085
   -0.120
   -0.150
   -0.180
   -0.200
   -0.220
   -0.240
   -0.250
   -0.250
   -0.255
   -0.275
   -0.280
   -0.275
   -0.270
   -0.270
   -0.270
   -0.275
   -0.275
   -0.265
   -0.260
   -0.265
   -0.275
   -0.285
   -0.290
   -0.280
   -0.290
   -0.300
   -0.290
   -0.280
   -0.280
   -0.280
   -0.265
   -0.250
   -0.250
   -0.250
   -0.255
   -0.260
   -0.260
   -0.260
   -0.260
   -0.260
   -0.255
   -0.250
   -0.255
   -0.260
   -0.255
   -0.250
   -0.255
   -0.260
   -0.260
   -0.260
   -0.260
   -0.260
   -0.265
   -0.270
   -0.265
   -0.260
   -0.255
   -0.255
   -0.265
   -0.270
   -0.265
   -0.260
   -0.260
   -0.260
   -0.260
   -0.260
   -0.250
   -0.260
   -0.270
   -0.260
   -0.250
   -0.260
   -0.270
   -0.270
   -0.270
   -0.265
   -0.260
   -0.260
   -0.260
   -0.265
   -0.270
   -0.260
   -0.250
   -0.255
   -0.260
   -0.260
   -0.260
   -0.260
   -0.260
   -0.260
   -0.260
   -0.260
   -0.260
   -0.260
   -0.255
   -0.245
   -0.240
   -0.245
   -0.250
   -0.255
   -0.260
   -0.260
   -0.255
   -0.245
   -0.240
   -0.245
   -0.250
   -0.250
   -0.245
   -0.240
   -0.235
   -0.230
   -0.235
   -0.240
   -0.240
   -0.240
   -0.240
   -0.240
   -0.240
   -0.240
   -0.245
   -0.250
   -0.245
   -0.240
   -0.240
   -0.240
   -0.235
   -0.230
   -0.230
   -0.230
   -0.230
   -0.230
   -0.230
   -0.230
   -0.235
   -0.240
   -0.235
   -0.230
   -0.230
   -0.230
   -0.225
   -0.215
   -0.205
   -0.200
   -0.195
   -0.185
   -0.175
   -0.150
   -0.120
   -0.115
   -0.110
   -0.125
   -0.140
   -0.115
   -0.090
   -0.080
   -0.075
   -0.115
   -0.155
   -0.175
   -0.190
   -0.195
   -0.200
   -0.190
   -0.185
   -0.205
   -0.225
   -0.245
   -0.260
   -0.265
   -0.270
   -0.265
   -0.260
   -0.260
   -0.255
   -0.240
   -0.230
   -0.225
   -0.220
   -0.220
   -0.215
   -0.205
   -0.160
   -0.110
    0.035
    0.195
    0.435
    0.685
    0.940
    0.700
    1.000
    0.775
    0.145
   -0.450
   -0.715
   -0.940
   -0.955
   -0.945
   -0.810
   -0.675
   -0.555
   -0.440
   -0.320
   -0.235
   -0.210
   -0.185
   -0.170
   -0.160
   -0.165
   -0.170
   -0.165
   -0.160
   -0.155
   -0.150
   -0.150
   -0.145
   -0.135
   -0.130
   -0.130
   -0.130
   -0.130
   -0.125
   -0.115
   -0.110
   -0.115
   -0.115
   -0.105
   -0.095
   -0.085
   -0.085
   -0.095
   -0.085
   -0.070
   -0.065
   -0.060
   -0.060
   -0.060
   -0.050
   -0.040
   -0.030
   -0.020
   -0.010
    0.000
    0.005
    0.010
    0.015
    0.025
    0.045
    0.065
    0.080
    0.090
    0.100
    0.120
    0.145
    0.165
    0.180
    0.200
    0.220
    0.245
    0.270
    0.285
    0.295
    0.315
    0.335
    0.345
    0.355
    0.360
    0.365
    0.370
    0.370
    0.355
    0.335
    0.300
    0.260
    0.210
    0.160
    0.110
    0.055
    0.010
   -0.035
   -0.075
   -0.115
   -0.145
   -0.170
   -0.185
   -0.205
   -0.225
   -0.240
   -0.250
   -0.260
   -0.270
   -0.280
   -0.290
   -0.300
   -0.300
   -0.300
   -0.300
   -0.300
   -0.300
   -0.300
   -0.305
   -0.310
   -0.310
   -0.310
   -0.310
   -0.310
   -0.305
   -0.300
   -0.305
   -0.310
   -0.305
   -0.300
   -0.300
   -0.300
