   -2   -47   -11
  -10   -43   -12
  -12   -37   -12
   -8   -32   -10
   -6   -28    -4
   -4   -24     0
   -1   -20     4
    5   -18     8
    5   -16    13
    0   -12    18
   -2    -8    22
   -2    -5    25
   -2     0    28
   -7     1    36
  -13     2    46
   -6     3    52
   -6     4    60
  -11     1    65
  -12     2    69
  -11     7    66
   -7     5    65
   -7     3    68
  -10     8    64
  -10    15    53
   -5    18    45
   -4    20    38
   -4    25    33
   -3    31    26
   -1    35    18
   -1    36    18
   -4    37    13
   -4    38     8
   -2    40     5
   -5    38     3
  -13    36     1
  -15    39    -3
  -16    41    -7
  -18    43    -8
  -21    45   -15
  -19    49   -25
  -17    52   -35
  -21    54   -37
  -19    59   -36
  -19    64   -43
   -9    67   -50
   -9    76   -53
  -14    84   -56
  -17    88   -60
  -17    87   -57
  -14    92   -55
  -14    99   -54
  -17   108   -55
  -15   116   -52
  -12   122   -48
  -11   137   -51
  -12   153   -48
  -12   167   -42
  -10   184   -41
   -7   190   -36
  -11   194   -37
  -11   196   -33
  -11   196   -29
   -9   189   -29
  -10   167   -24
  -11   138   -24
   -7   120   -18
   -5   105    -9
   -4    84    -4
   -8    54     1
  -11    45     4
   -9    35     6
   -5    15     6
   -5    -5     7
   -6   -14    10
   -7   -23    15
   -4   -39    17
   -7   -54    19
   -9   -63    23
   -5   -71    24
    0   -85    23
    4   -97    26
    2  -104    26
    1  -111    24
    1  -121    19
   -4  -131    18
   -5  -136    20
   -7  -141    16
  -10  -148    10
  -10  -152     5
   -8  -153    -1
  -12  -156    -7
  -11  -159   -11
  -12  -159   -12
  -12  -158   -18
  -11  -157   -25
  -10  -155   -30
  -10  -153   -29
   -8  -146   -35
   -7  -142   -42
   -7  -139   -48
   -2  -136   -50
   -6  -133   -58
   -5  -130   -60
   -5  -127   -59
   -8  -122   -61
  -11  -117   -64
  -10  -110   -60
  -13  -105   -55
  -15  -101   -55
  -20   -96   -49
  -20   -92   -42
  -11   -88   -34
   -3   -82   -25
    1   -73   -18
   -5   -65   -12
   -9   -64    -5
   -8   -61     4
   -5   -59    15
    0   -53    23
    4   -49    31
    6   -44    35
    7   -42    38
    6   -42    46
    2   -34    52
    2   -29    58
   -2   -29    66
   -1   -27    71
   -6   -23    76
   -6   -17    73
   -3   -18    65
   -2   -13    64
   -3    -6    69
   -2    -5    70
   -1    -6    65
   -3    -7    60
   -5     0    54
   -8     6    52
  -10     9    47
   -4    16    41
   -1    22    40
   -1    30    40
    6    35    36
   15    38    26
   22    41    20
   28    41    15
   39    43     9
   55    46     5
   71    44     2
   83    49    -3
   87    54   -12
   91    53   -16
   97    56   -21
   99    53   -28
  107    57   -35
  117    62   -38
  133    69   -45
  142    74   -56
  152    80   -62
  160    87   -67
  170    89   -67
  167    91   -69
  170    92   -70
  170    96   -71
  168   101   -69
  160   105   -67
  150   115   -59
  139   126   -55
  110   135   -54
   75   143   -50
   42   162   -48
   20   172   -43
    5   181   -36
   -8   187   -31
  -18   192   -21
  -25   189   -14
  -27   176   -13
  -27   154    -9
  -27   132    -3
  -31   110     7
  -30    89    10
  -32    69    14
  -38    49    22
  -36    37    31
  -37    22    44
  -32     6    52
  -32    -9    58
  -39   -20    65
  -36   -34    66
  -34   -48    66
  -32   -59    62
  -29   -66    59
  -25   -76    59
  -18   -85    60
  -16   -97    55
  -18  -103    47
  -24  -107    38
  -27  -118    38
  -26  -125    35
  -24  -127    29
  -26  -130    28
  -28  -137    25
  -29  -146    14
  -34  -149     8
  -35  -153     1
  -38  -151    -7
  -39  -150   -15
  -38  -147   -27
  -41  -144   -31
  -41  -139   -34
  -41  -136   -43
  -42  -134   -53
  -44  -132   -59
  -43  -128   -62
  -49  -125   -66
  -49  -121   -70
  -49  -116   -76
  -48  -109   -75
  -44  -104   -73
  -42  -101   -76
  -47   -94   -79
  -50   -86   -79
  -54   -82   -76
  -52   -74   -75
  -49   -68   -72
  -47   -61   -70
  -44   -54   -63
  -42   -52   -55
  -33   -46   -54
  -31   -40   -49
  -34   -40   -43
  -41   -37   -29
  -43   -31   -17
  -46   -31   -11
  -45   -26    -6
  -43   -25     5
  -41   -22    17
  -37   -18    22
  -37   -18    31
  -43   -13    39
  -45   -15    44
  -48   -11    51
  -48    -9    55
  -50    -9    67
  -52    -5    76
  -49    -6    80
  -50     0    86
  -51     4    94
  -53     2   103
  -54     5   103
  -58    10    99
  -59    14    96
  -60    22    91
  -63    24    86
  -61    29    81
  -57    35    82
  -60    39    80
  -62    42    71
  -69    44    68
  -68    49    70
  -65    48    64
  -65    46    55
  -69    43    45
  -75    47    38
  -73    51    31
  -69    49    15
  -66    49     5
  -65    52    -2
  -64    60   -13
  -63    64   -25
  -63    63   -39
  -64    66   -48
  -56    76   -54
  -54    80   -60
  -57    82   -61
  -55    86   -67
  -51    92   -72
  -46    94   -76
  -49    98   -82
  -49   105   -90
  -41   113   -91
  -37   126   -95
  -38   136   -92
  -41   151   -93
  -33   163   -89
  -27   177   -89
  -22   187   -87
  -22   196   -86
  -23   196   -81
  -18   195   -85
  -16   192   -75
  -18   185   -67
  -17   168   -60
   -6   149   -53
   -3   125   -46
   -2   102   -37
   -3    82   -31
    2    62   -24
    3    45   -17
    2    31    -4
    0    16    -1
   -2     2     8
   -4   -17    19
   -2   -30    25
   -2   -40    34
   -8   -53    45
   -8   -66    48
   -5   -80    54
   -5   -89    54
  -11   -98    58
   -9  -107    60
   -6  -118    53
    1  -123    56
    1  -132    53
    0  -142    46
    2  -149    46
   -3  -153    47
   -3  -158    47
   -4  -163    44
   -1  -166    41
    2  -169    36
    4  -166    27
    4  -169    18
   -2  -170     7
   -3  -166    -3
   -6  -162   -15
   -9  -160   -22
  -13  -157   -25
  -12  -152   -40
  -11  -147   -49
   -5  -144   -53
    0  -144   -56
    4  -141   -63
    6  -134   -69
    0  -130   -62
    2  -129   -63
    0  -124   -66
    2  -119   -60
    3  -112   -56
    4  -109   -56
    6  -104   -58
    4   -97   -47
    8   -90   -38
    2   -85   -35
    0   -80   -33
    0   -74   -25
   -3   -68   -19
   -6   -66   -18
   -4   -60   -11
   -3   -58    -5
   -2   -53    -3
   -6   -46     3
   -7   -41    10
  -10   -39    16
  -11   -33    21
  -12   -27    23
  -10   -22    28
  -16   -18    35
  -18   -10    38
  -22    -5    43
  -26     3    49
  -25    11    53
  -22    16    58
  -12    27    66
    1    24    72
    8    26    80
    5    31    88
    6    32    98
    1    37    94
   -3    39    93
   -6    38    89
   -3    41    79
   -1    41    66
   -2    45    61
   -6    45    52
   -7    44    43
   -9    50    34
   -3    55    27
   -4    59    23
   -7    64    14
   -2    67    11
    2    73     8
    4    76     4
   -3    76    -4
   -3    80   -18
   -2    83   -28
   -6    89   -37
   -8    95   -42
  -10   102   -51
  -10   109   -60
   -9   124   -64
  -14   136   -68
  -15   147   -81
  -10   158   -89
   -1   167   -89
    2   175   -87
    5   178   -88
   10   174   -91
    6   170   -95
   -3   150   -97
   -5   129   -99
   -8   106  -102
  -10    83   -99
   -8    66   -98
   -8    51   -94
   -8    36   -85
   -9    24   -83
  -13    11   -77
  -14     1   -72
  -16   -13   -68
  -17   -25   -60
  -13   -38   -53
   -8   -48   -43
   -5   -58   -36
   -4   -68   -26
    0   -76   -13
    2   -82    -2
    3   -95     5
    0  -104    12
    0  -107    22
    0  -112    30
    1  -119    37
   -4  -129    45
   -4  -133    49
   -1  -137    57
   -1  -142    62
   -1  -145    68
    1  -154    73
    3  -155    79
    2  -159    88
    0  -158    95
   -1  -156   105
   -3  -153   108
   -6  -149   105
   -3  -143   104
   -2  -138   101
   -5  -133    93
   -8  -127    89
   -7  -121    82
   -4  -115    71
   -6  -111    62
   -5  -108    53
   -6  -100    43
  -10   -96    35
  -11   -97    24
  -10   -88    19
   -9   -85    10
  -11   -80    -2
  -15   -75   -14
  -13   -67   -23
  -10   -60   -33
   -7   -56   -45
   -7   -57   -58
   -9   -53   -70
   -7   -46   -71
   -3   -39   -75
   -4   -41   -78
   -5   -36   -86
   -2   -29   -89
    0   -25   -97
   -3   -18   -95
   -7   -19   -87
   -4   -14   -86
    0   -12   -90
    0    -9   -85
   -4    -7   -80
   -5     0   -79
   -8     3   -75
   -8     4   -66
   -5     9   -55
   -3    14   -49
   -1    18   -41
    1    24   -32
    4    30   -23
    4    32   -15
    0    37   -11
   -3    43    -2
    0    46     6
    1    46    17
    0    43    21
    2    43    25
   10    46    33
   15    49    42
   11    50    52
   10    49    61
    8    53    63
   11    56    64
    9    58    67
    8    62    72
   10    67    80
   10    71    81
    7    74    84
    7    80    91
    8    86    96
   13    93   101
   20    95    99
   36    94    95
   54   101    94
   72   109    86
   82   116    76
   91   128    66
   97   139    53
   99   151    45
   97   165    38
  103   174    27
  106   187    16
  119   198    11
  137   204     6
  143   207    -6
  145   208   -18
  148   200   -31
  153   190   -37
  160   172   -48
  166   146   -62
  167   124   -63
  168   102   -53
  170    84   -58
  155    66   -68
  138    48   -73
  116    32   -67
   88    19   -70
   58     5   -78
   35   -14   -83
   20   -30   -85
   10   -42   -84
    0   -49   -89
   -6   -62   -90
   -9   -76   -83
  -16   -85   -76
  -18   -92   -75
  -21  -103   -74
  -24  -113   -71
  -27  -121   -70
  -29  -128   -62
  -29  -134   -53
  -31  -142   -49
  -32  -149   -52
  -29  -150   -44
  -30  -156   -33
  -25  -160   -19
  -24  -164   -15
  -22  -164   -15
  -26  -167    -7
  -30  -163     4
  -34  -163     8
  -38  -157    15
  -44  -153    23
  -42  -150    27
  -43  -147    33
  -39  -143    42
  -35  -143    46
  -31  -137    48
  -28  -130    53
  -27  -129    54
  -30  -125    57
  -34  -120    62
  -43  -113    67
  -50  -109    67
  -51  -103    73
  -51   -96    81
  -42   -94    83
  -31   -88    84
  -18   -78    87
  -16   -72    89
  -19   -72    86
  -21   -66    80
  -26   -62    79
  -28   -54    77
  -24   -46    69
  -27   -40    56
  -32   -38    42
  -31   -32    24
  -30   -28     9
  -30   -27    -2
  -30   -20   -13
  -27   -14   -20
  -26   -12   -31
  -27    -9   -44
  -32    -2   -53
  -33     2   -53
  -30     9   -48
  -33     9   -48
  -33    10   -50
  -32    20   -52
  -33    24   -60
  -39    29   -64
  -39    32   -71
  -41    36   -74
  -41    41   -78
  -37    42   -86
  -36    36   -87
  -40    35   -82
  -46    39   -72
  -46    40   -69
  -48    38   -72
  -56    38   -70
  -66    44   -60
  -58    52   -51
  -55    52   -49
  -59    56   -49
  -56    63   -34
  -48    70   -26
  -52    71   -18
  -56    74   -17
  -54    81   -15
  -55    84    -6
  -59    84     4
  -59    88    15
  -59   100    14
  -60   112    14
  -60   119    26
  -57   129    40
  -52   141    51
  -54   158    59
  -54   173    62
  -53   181    60
  -53   189    63
  -51   195    74
  -50   194    73
  -46   197    76
  -42   183    82
  -42   169    85
  -39   146    86
  -37   121    91
  -31   101    92
  -29    81    88
  -32    62    79
  -32    48    71
  -31    31    67
  -25    15    66
  -23    -4    60
  -21   -14    51
  -18   -25    45
  -17   -38    46
  -18   -50    52
  -16   -61    41
  -13   -67    26
   -8   -78    22
  -10   -90    16
   -8   -96    -2
   -2  -103   -11
   -1  -111   -17
    2  -119   -36
    1  -129   -52
    4  -129   -54
    5  -134   -51
    7  -137   -60
    3  -134   -60
    4  -136   -62
    4  -136   -66
    4  -138   -67
   10  -136   -67
   11  -132   -61
   10  -131   -60
   14  -129   -65
   14  -129   -62
   14  -125   -63
   14  -123   -65
   12  -120   -67
   15  -117   -65
   13  -114   -59
   13  -110   -59
   10  -109   -60
   12  -103   -55
   13   -96   -42
    8   -90   -39
    8   -86   -42
    6   -83   -40
    8   -77   -31
    5   -71   -22
    1   -68   -26
    2   -60   -19
    7   -54    -1
    8   -47     3
    4   -42     4
    3   -37    11
    8   -33    17
    5   -26    28
    0   -23    39
    0   -24    51
    1   -17    52
   -3   -15    55
    1   -11    65
    6    -6    67
    6    -5    71
    6    -4    77
    2    -1    72
    5     3    67
    8     9    59
    3    15    58
    0    16    59
    4    26    60
    2    29    67
   -1    36    63
   -2    40    52
   -2    45    51
    1    46    43
    1    46    33
    2    46    34
    0    49    36
   -1    52    23
   -1    55     5
   -3    59   -10
   -6    62   -17
   -9    64   -23
   -4    71   -33
    0    77   -43
    1    82   -55
    4    90   -62
    9    88   -66
    4    91   -65
   -1    96   -74
   -3    97   -83
    0   102   -91
   -1   102   -88
   -4   110   -81
   -2   125   -83
    1   134   -79
    3   143   -79
    0   152   -84
    3   169   -75
    7   187   -68
   10   195   -71
    6   201   -77
    6   204   -67
    5   206   -60
    1   196   -62
   -6   183   -60
  -11   165   -48
   -7   140   -47
   -8   111   -39
   -8    88   -27
   -6    73   -24
   -5    58   -25
   -3    38   -14
    1    22    -6
    1     6    -6
    0   -12     0
    0   -28     7
    2   -41    10
    0   -55    22
    0   -66    36
    1   -78    40
    3   -90    43
   -2  -100    52
   -7  -111    57
   -5  -123    63
   -8  -128    63
  -12  -135    63
  -14  -141    58
  -13  -150    57
  -13  -155    60
  -14  -158    64
  -10  -161    67
   -8  -168    66
   -2  -172    62
    1  -172    57
   -2  -171    55
    0  -167    53
    3  -164    47
    6  -159    37
    3  -156    27
    7  -157    24
    6  -153    13
    5  -147     2
    5  -143    -4
    4  -135    -7
    3  -136   -16
    0  -130   -30
   -2  -126   -39
   -1  -121   -46
    2  -117   -46
   -1  -112   -44
   -1  -104   -53
   -5   -96   -54
   -7   -88   -56
   -8   -84   -58
   -7   -77   -61
   -2   -71   -60
    0   -65   -54
   -2   -62   -55
   -5   -56   -55
   -5   -50   -51
   -4   -45   -51
   -5   -41   -52
  -10   -34   -44
  -17   -29   -35
  -15   -29   -41
  -12   -29   -48
   -9   -25   -46
   -4   -20   -29
    0   -18   -20
    3   -14   -25
    4   -12   -27
    1    -5   -16
    1     0    -5
    0    -2    -6
    0     4    -5
   -1    12     3
   -3    17    13
   -2    27    25
    2    29    37
   -1    36    30
   -1    42    35
    0    42    51
   -3    44    55
    0    44    43
    2    47    44
    2    49    52
    5    49    53
    3    50    49
    0    51    48
    0    55    46
   -1    58    41
   -2    64    37
   -9    67    38
   -7    74    40
    0    81    32
    5    81    27
    7    87    25
   10    87    21
   12    91    12
   12    97     2
   11   105    -6
   10   118   -13
   10   127   -22
   10   138   -35
   11   152   -43
   12   164   -52
   10   181   -60
    5   193   -70
    4   200   -79
    5   202   -81
    8   209   -85
   16   210   -88
   29   203   -88
   46   181   -90
   62   154   -90
   71   134   -91
   81   110   -87
   91    87   -84
   94    69   -80
   95    54   -76
  103    39   -73
  107    22   -70
  111     6   -70
  124    -7   -64
  136   -23   -55
  145   -38   -51
  150   -53   -46
  155   -63   -46
  162   -69   -37
  171   -84   -30
  167   -93   -28
  167  -102   -23
  164  -112   -10
  161  -119     0
  145  -123     4
  127  -130     9
   95  -138    17
   63  -139    27
   37  -144    34
   22  -149    46
    8  -156    56
   -1  -156    68
   -5  -158    76
   -8  -156    80
  -14  -153    85
  -16  -150    87
  -18  -146    86
  -22  -141    85
  -29  -139    81
  -28  -137    75
  -30  -132    68
  -24  -128    58
  -19  -127    52
  -19  -121    44
  -20  -115    35
  -23  -109    28
  -25  -107    22
  -26  -101    21
  -25   -92    17
  -25   -87    10
  -26   -84     6
  -27   -81     6
  -25   -70     2
  -29   -63    -8
  -33   -59   -15
  -33   -56   -24
  -30   -50   -31
  -32   -45   -35
  -35   -42   -43
  -38   -34   -55
  -39   -31   -58
  -39   -28   -61
  -39   -25   -67
  -37   -23   -71
  -35   -18   -74
  -36   -20   -70
  -35   -14   -74
  -34   -11   -71
  -36    -7   -72
  -33    -3   -75
  -32     1   -71
  -31     5   -75
  -33     8   -75
  -32    16   -71
  -31    21   -68
  -31    27   -64
  -32    31   -66
  -29    38   -61
  -26    40   -56
  -22    41   -55
  -19    43   -55
  -19    41   -49
  -19    46   -46
  -25    47   -39
  -29    49   -36
  -33    52   -37
  -33    55   -32
  -33    61   -26
  -34    67   -23
  -36    69   -17
  -37    75   -17
  -37    79    -8
  -40    84     5
  -44    89    13
  -46    93    20
  -51    97    24
  -50    98    30
  -51   106    33
  -50   114    35
  -55   123    34
  -55   133    38
  -58   143    38
  -61   155    35
  -63   171    29
  -68   192    26
  -74   200    25
  -75   206    23
  -76   208    22
  -71   210    22
  -67   207    24
  -63   190    27
  -60   172    24
  -57   146    22
  -54   118    20
  -56    99    16
  -60    81    14
  -64    63    10
  -66    45     7
  -66    29     2
  -64    20    -5
  -63     3   -15
  -61   -14   -24
  -59   -29   -33
  -56   -41   -42
  -58   -53   -51
  -58   -65   -51
  -58   -80   -50
  -59   -88   -57
  -53   -95   -57
  -47  -106   -57
  -47  -112   -57
  -51  -120   -61
  -49  -129   -63
  -45  -138   -64
  -40  -145   -63
  -35  -148   -70
  -35  -152   -68
  -35  -157   -63
  -28  -157   -62
  -23  -161   -63
  -23  -164   -59
  -25  -165   -57
  -24  -158   -55
  -21  -153   -49
  -17  -148   -44
  -16  -142   -38
  -15  -139   -32
  -13  -132   -25
  -10  -129   -20
  -10  -125   -12
  -10  -117    -8
   -7  -113    -3
   -8  -106     2
   -8  -101     6
  -11   -98    14
   -7   -91    20
    2   -88    26
    4   -80    30
    6   -75    31
    7   -71    39
    7   -64    43
    8   -59    44
    4   -53    43
    5   -49    39
    6   -45    35
    3   -43    28
    2   -39    26
   -2   -37    22
