 100.31
  79.33
  15.67
  -5.31
  42.00
  96.31
  75.33
  13.67
  -7.31
  42.00
  96.31
  76.33
  12.67
  -8.31
  41.00
  96.31
  74.33
  12.67
  -8.31
  43.00
  94.31
  74.33
  11.67
  -9.31
  41.00
  92.31
  74.33
  11.67
  -6.31
  41.00
  92.31
  74.33
   9.67
 -10.31
  42.00
  93.31
  74.33
   8.67
 -10.31
  41.00
  92.31
  72.33
   8.67
  -9.31
  42.00
  94.31
  76.33
  14.67
  -1.31
  49.00
 100.31
  83.33
  18.67
  -1.31
  48.00
  99.31
  81.33
  17.67
  -1.31
  48.00
 102.31
  82.33
  17.67
  -1.31
  48.00
  99.31
  78.33
  13.67
  -5.31
  44.00
  93.31
  72.33
   8.67
 -11.31
  40.00
  90.31
  67.33
   4.67
 -16.31
  38.00
  87.31
  67.33
   3.67
 -16.31
  38.00
  86.31
  66.33
   2.67
 -16.31
  35.00
  85.31
  66.33
  -0.33
 -18.31
  36.00
  85.31
  62.33
  -5.33
 -32.31
  19.00
  68.31
  52.33
   4.67
  -8.31
  49.00
 104.31
 109.33
  70.67
  74.69
 137.00
 172.31
 143.33
  56.67
  13.69
  57.00
 103.31
  80.33
  13.67
  -7.31
  46.00
  99.31
  76.33
  10.67
 -10.31
  44.00
  96.31
  76.33
   9.67
  -9.31
  44.00
  99.31
  76.33
  11.67
  -9.31
  46.00
  98.31
  76.33
  10.67
  -6.31
  45.00
 100.31
  78.33
  12.67
  -4.31
  48.00
 103.31
  80.33
  15.67
  -4.31
  49.00
 102.31
  81.33
  13.67
  -4.31
  48.00
 105.31
  81.33
  16.67
  -3.31
  50.00
 105.31
  82.33
  17.67
  -2.31
  52.00
 106.31
  84.33
  19.67
  -1.31
  52.00
 105.31
  86.33
  20.67
  -0.31
  53.00
 110.31
  92.33
  23.67
   3.69
  57.00
 110.31
  90.33
  25.67
   4.69
  57.00
 110.31
  91.33
  25.67
   1.69
  54.00
 106.31
  86.33
  20.67
  -4.31
  48.00
 101.31
  82.33
  14.67
 -10.31
  44.00
  96.31
  76.33
  10.67
  -9.31
  41.00
  94.31
  75.33
  10.67
 -11.31
  40.00
  95.31
  74.33
   8.67
 -11.31
  41.00
  95.31
  75.33
   9.67
 -12.31
  39.00
  92.31
  74.33
   8.67
 -12.31
  40.00
  92.31
  72.33
   7.67
 -12.31
  40.00
  92.31
  72.33
   8.67
 -12.31
  38.00
  90.31
  71.33
   9.67
 -12.31
  41.00
  96.31
  76.33
  14.67
  -6.31
  46.00
 101.31
  82.33
  16.67
  -6.31
  46.00
