5
5
6
8
6
7
6
6
6
6
7
7
7
7
8
6
6
7
5
8
6
6
7
7
8
7
6
6
6
7
7
8
8
9
9
9
10
8
9
8
10
9
10
12
9
10
8
9
10
9
9
7
8
8
8
8
7
7
6
6
6
6
5
5
5
6
4
4
4
5
6
5
4
3
4
5
5
6
5
4
5
4
4
4
5
3
-4
-8
-13
-8
1
14
36
62
87
88
65
28
3
3
5
12
12
12
6
2
0
-2
4
5
3
2
0
1
1
4
3
2
4
6
5
6
8
5
5
4
6
5
6
5
6
7
6
6
6
6
7
6
6
5
7
8
7
6
7
7
7
7
5
7
6
7
6
6
7
6
5
6
5
5
6
5
6
4
4
4
5
6
6
4
4
4
4
5
4
4
4
4
5
4
5
4
7
6
5
4
6
6
7
6
4
6
6
6
7
6
7
6
7
6
5
6
6
8
8
8
9
8
8
10
9
10
12
10
9
8
9
9
8
7
5
5
5
4
5
4
4
4
3
4
3
3
4
4
5
4
3
1
4
5
4
4
4
4
5
5
4
4
4
5
